"true_class","ID","Time","drink","eat","lay","run","sit","stand","trot","walk","predicted_class"
"stand","1","1470047534",0.00671140939597315,0.0381618195376585,0.178534142963673,0.0282305315862363,0.0663976776392884,0.593989027378289,0.0324304889741131,0.0555449025247683,"stand"
"stand","1","1470047535",0,0.0519175455417066,0.129729945669543,0.0187546607009694,0.108884627676574,0.598183658250772,0.0188824970704165,0.0736470650900181,"stand"
"stand","1","1470047535",0,0.0488840950250346,0.104053478214552,0.0087248322147651,0.1008362629168,0.556298604452967,0.04472408650261,0.136478640673272,"stand"
"stand","1","1470047535",0,0.0499360818152764,0.113689144561628,0.0192580164056674,0.0692979652711196,0.635812826249068,0.0352242462980718,0.0767817193991691,"stand"
"stand","1","1470047536",0,0.0201289016725258,0.141498881431767,0.0208799403430276,0.115412272291467,0.572744220730798,0.0441648023862789,0.0851709811441355,"stand"
"stand","1","1470047536",0,0.0138862256311921,0.143911792905081,0.00857568978374348,0.155579524874827,0.580630126771066,0.0355651432832641,0.0618514967508256,"stand"
"stand","1","1470047536",0,0.0530014914243102,0.129658037711729,0.00913497390007457,0.132904548844146,0.537631831255992,0.0468440396292745,0.0908250772344732,"stand"
"stand","1","1470047536",0,0.02709864706509,0.107158836689038,0.0189943538936828,0.15293490998189,0.591994247363375,0.0310589112602535,0.0707600937466709,"stand"
"trot","1","1470047542",0,0.00335570469798658,0.0387850218387131,0.0523117076808352,0.0111430702034729,0.0635080430382444,0.697267497603068,0.13362895493768,"trot"
"trot","1","1470047542",0.00268456375838926,0.0293544263342921,0.0295941195270054,0.0555049536593161,0.0267337807606264,0.0803238521359327,0.607537019281986,0.168267284542452,"trot"
"trot","1","1470047543",0,0.00803238521359327,0.0257430488974113,0.0965910301480771,0.0217321828060083,0.109901992116757,0.590947587088527,0.147051773729626,"trot"
"trot","1","1470047543",0,0.0135346756152125,0.024238308298711,0.0517950356876531,0.0235325450090551,0.156682113561308,0.562839565356344,0.167377756471716,"trot"
"trot","1","1470047543",0.0134228187919463,0.0110924683072334,0.0260147011824864,0.144396505805902,0.0360711622456589,0.118967721316715,0.539096622989241,0.110937999360818,"trot"
"trot","1","1470047544",0.00536912751677852,0.0374720357941834,0.0279002876318313,0.139661233620965,0.0203286459997869,0.0857941834451901,0.574392777245126,0.109081708746138,"trot"
"trot","1","1470047544",0.012464046021093,0.0192287205710025,0.0232076275700437,0.0894561627783104,0.0173750932140194,0.0715670608288058,0.648042505592841,0.118658783423884,"trot"
"trot","1","1470047544",0,0.00506018962394801,0.00302013422818792,0.00806168104825823,0,0.00714818365825077,0.946607009694258,0.030102801747097,"trot"
"trot","1","1470047544",0,0.00730797912005966,0.010120379247896,0.0313199105145414,0.0138329604772558,0.0197826781719399,0.905331841909023,0.0123042505592841,"trot"
"trot","1","1470047545",0,0.00201342281879195,0.00477255779269202,0.0461915414935549,0.00186428038777032,0.0203073399382124,0.869076914882284,0.0557739426866944,"trot"
"trot","1","1470047545",0,0.00587248322147651,0.0171140939597315,0.0400633855331842,0,0.0171673591136678,0.87866197933312,0.0411206988388196,"trot"
"trot","1","1470047545",0.00671140939597315,0.0103068072866731,0.0210290827740492,0.0345824011931394,0,0.0374880153403643,0.818927772451262,0.0709545115585384,"trot"
"trot","1","1470047546",0.00671140939597315,0.00266325769681474,0.0112469372536487,0.0637770320656227,0.014333652924257,0.0571322041120699,0.757302652604666,0.0868328539469479,"trot"
"trot","1","1470047546",0.00447427293064877,0.0133296047725578,0.0155853840417599,0.041733248109087,0.0065036752956216,0.0501917545541707,0.774659103014808,0.0935229572813465,"trot"
"trot","1","1470047546",0,0.0177053371684244,0.013944817300522,0.0472595078299776,0.0107941834451902,0.0607755406413124,0.785714285714286,0.0638063279002876,"trot"
"trot","1","1470047547",0,0.00570469798657718,0.0215590710557154,0.0857941834451901,0.0189357622243528,0.123207627570044,0.588462767657398,0.156335890060722,"trot"
"trot","1","1470047547",0,0.00604026845637584,0.0368807925854906,0.0684350697773516,0.0313758389261745,0.0839805049536593,0.648114413550655,0.125173111750293,"trot"
"trot","1","1470047547",0,0.00697773516565463,0.035035155001598,0.0502556727388942,0.019910514541387,0.11241610738255,0.62877916267178,0.146625652498136,"trot"
"trot","1","1470047547",0,0.00307606263982103,0.0145973154362416,0.0393656120166187,0.00223713646532438,0.0519814637264302,0.733037711728987,0.155704697986577,"trot"
"trot","1","1470047548",0,0.00902311707680835,0.0172685629061468,0.0335570469798658,0.000838926174496644,0.0447693618834558,0.797906679450303,0.096636305528923,"trot"
"trot","1","1470047548",0,0.0134228187919463,0.0211462661127091,0.0589432193459039,0.0247762863534676,0.0714658570363268,0.727929583466496,0.0823159688931501,"trot"
"trot","1","1470047548",0,0.00162991371045062,0.00987802279748588,0.0302199850857569,0.00460477255779269,0.0516405667412379,0.860234899328859,0.041791839778417,"trot"
"trot","1","1470047549",0,0.00223713646532438,0,0.0352721849366145,0.00167785234899329,0.0201928198572494,0.874611164376265,0.0660088420155534,"trot"
"trot","1","1470047549",0,0.00372856077554064,0.000745712155108128,0.0109779482262704,0.0029082774049217,0.0276179823159689,0.909755512943432,0.0442660061787578,"trot"
"trot","1","1470047549",0,0.00587248322147651,0.00527325023969319,0.0346942580164057,0.00805369127516778,0.020874613827634,0.900468733354639,0.0247629700649835,"trot"
"trot","1","1470047550",0,0.0116890380313199,0.0164695855971024,0.10948119740066,0.00917225950782998,0.0411313518696069,0.774259614360286,0.0377969532331948,"trot"
"trot","1","1470047550",0,0,0.00879940343027591,0.00425055928411633,0.00167785234899329,0.00719612229679344,0.959862043251305,0.018214019388516,"trot"
"trot","1","1470047550",0,0.00335570469798658,0.00479386385426654,0.0200223713646532,0.0023489932885906,0.00426653883029722,0.957318632150847,0.0078938958133589,"trot"
"trot","1","1470047550",0,0.00208799403430276,0.0201342281879195,0.0236763609246831,0.00413870246085011,0.0270107595610951,0.844252689890274,0.0786992649408757,"trot"
"trot","1","1470047551",0,0.00745712155108128,0.00134228187919463,0.0366890380313199,0.00167785234899329,0.024683072334079,0.887575902844359,0.0405747310109726,"trot"
"trot","1","1470047551",0,0.00111856823266219,0.00447427293064877,0.00674336848833493,0.00738255033557047,0.0424656439757111,0.883202833706189,0.0546127623308831,"trot"
"trot","1","1470047551",0,0.00223713646532438,0.0102908277404922,0.0152498135719612,0.012061894108874,0.0575796314051347,0.806162778310429,0.0964179183977842,"trot"
"trot","1","1470047552",0,0.012751677852349,0.0203765846383296,0.0212741024821562,0.0130472994566954,0.122113028656653,0.641227229146692,0.169210077767125,"trot"
"trot","1","1470047552",0,0,0.0263769042292532,0.033668903803132,0.00771812080536913,0.0482821987855545,0.80881271971876,0.0751411526579312,"trot"
"trot","1","1470047552",0,0.00477255779269202,0.0156306594226057,0.029010866091403,0.00708426547352722,0.0420661553211889,0.827617982315969,0.0738175135826142,"trot"
"trot","1","1470047553",0,0.00973154362416107,0.040454884414616,0.039346969212741,0.02326089272398,0.0937093853201236,0.644226057313306,0.149270267391073,"trot"
"trot","1","1470047553",0,0.000745712155108128,0.0113241717268563,0.0492835836795568,0.0293064876957494,0.0903563438798338,0.694713433471823,0.124270267391073,"trot"
"trot","1","1470047553",0,0.00149142431021626,0.00719079578139981,0.0277351656546287,0.0107009694258016,0.0389927559390647,0.846849366144668,0.0670395227442207,"trot"
"trot","1","1470047553",0,0.0116144668158091,0.0295355278576755,0.0642164695855971,0.0159901992116757,0.102775114520081,0.617609459891339,0.158258762117822,"trot"
"trot","1","1470047554",0.00671140939597315,0.0075316927665921,0.0248375412804943,0.128472888036646,0.0170901246404602,0.156074890806434,0.568357835304144,0.0909236177692554,"trot"
"trot","1","1470047554",0.00587248322147651,0.000745712155108128,0.00786459997869394,0.0717534888675828,0.0114093959731544,0.141674656439757,0.622682965803771,0.137996697560456,"trot"
"trot","1","1470047554",0.00587248322147651,0.00633855331841909,0.0131245339299031,0.0462900820283371,0.00335570469798658,0.0638489400234366,0.785208266751891,0.0759614360285501,"trot"
"trot","1","1470047555",0,0.00372856077554064,0.0127703206562267,0.0395786726323639,0.0108128262490679,0.0428012144455097,0.848995951848301,0.0413124533929903,"trot"
"trot","1","1470047555",0.00503355704697987,0.00372856077554064,0.0150260999254288,0.0284169596250133,0.00335570469798658,0.0402072014488122,0.858956535634388,0.0452753808458507,"trot"
"trot","1","1470047555",0,0.0126025354213274,0.0264701182486417,0.0748695003728561,0.0104506232023011,0.0553318419090231,0.752841695962501,0.0674336848833493,"trot"
"trot","1","1470047556",0,0.00208799403430276,0.011744966442953,0.0237083200170448,0.00447427293064877,0.0332720784063066,0.856415787791627,0.0682965803771173,"trot"
"trot","1","1470047556",0,0,0.00515340364333653,0.0119127516778523,0.000958772770853308,0.0105864493448386,0.961473314157878,0.00991530840524129,"trot"
"trot","1","1470047556",0,0,0.00647704271865346,0.0192287205710025,0.000671140939597316,0.0255326515393629,0.886569191434963,0.0615212527964206,"trot"
"trot","1","1470047556",0.00671140939597315,0.0122296793437733,0.00576062639821029,0.0126424842867796,0.00904175988068606,0.0356450410141685,0.827125279642058,0.0908437200383509,"trot"
"trot","1","1470047557",0,0.00842654735272185,0.0117715990199212,0.0406919143496325,0.00302013422818792,0.0436268243315223,0.838374880153404,0.0540881005646106,"trot"
"trot","1","1470047557",0,0.00969425801640567,0.0237322893363162,0.0374986683711516,0.00604026845637584,0.054370405880473,0.808410567806541,0.0602535421327368,"trot"
"trot","1","1470047557",0,0.00419463087248322,0.00667412378821775,0.040382976456802,0.00191754554170662,0.0284435922019815,0.858186854160009,0.0602002769788005,"trot"
"trot","1","1470047558",0,0,0.034358687546607,0.0405560882070949,0,0.0325609886012571,0.854026845637584,0.0384973900074571,"trot"
"trot","1","1470047558",0,0.00134228187919463,0.00285234899328859,0.0517311175029296,0.00191754554170662,0.013987429423671,0.89029242569511,0.0378768509640993,"trot"
"trot","1","1470047558",0,0.00559284116331096,0.0098806860551827,0.0702567380419729,0.0116490891658677,0.0394428464898264,0.778472888036646,0.0847049110471929,"trot"
"trot","1","1470047559",0.00447427293064877,0.000671140939597316,0.0204884414615958,0.0489959518483008,0.00738255033557047,0.0361057845957175,0.772043783956536,0.109838073932034,"trot"
"trot","1","1470047559",0,0.00596569724086503,0.0155853840417599,0.0376584638329605,0.000671140939597316,0.0829524874826888,0.79191434963247,0.065252476829658,"trot"
"trot","1","1470047559",0,0.00298284862043251,0.0402764461489294,0.0484526472781506,0.017020879940343,0.045557686161713,0.784478534142964,0.0612309577074678,"trot"
"trot","1","1470047559",0.00134228187919463,0.0139634601043997,0.0573266219239374,0.04508362629168,0.0191168637477362,0.0774901459465218,0.715843720038351,0.0698332800681794,"trot"
"trot","1","1470047560",0,0.0108128262490679,0.0436827527431554,0.0560482582294663,0.0394827953552786,0.0580723340790455,0.689120592308512,0.102780441035475,"trot"
"trot","1","1470047560",0.00671140939597315,0.00149142431021626,0.025071907957814,0.0685362735698306,0.00208799403430276,0.0213460104399702,0.792745286033877,0.0820096942580164,"trot"
"trot","1","1470047560",0,0,0.0116970278044104,0.034963247043784,0.0166293810589113,0.0238334931287951,0.890486843506978,0.0223900074571216,"trot"
"trot","1","1470047561",0,0.00559284116331096,0.0173058485139022,0.0225471396612336,0.00201342281879195,0.0559976563332268,0.848604452966869,0.0479386385426654,"trot"
"trot","1","1470047561",0.00671140939597315,0.0135186960690316,0.0502183871311388,0.0549962714392245,0.00297219558964525,0.103992223287525,0.679721955896453,0.0878688611910089,"trot"
"trot","1","1470047561",0,0.00693512304250559,0.0223713646532438,0.0297352721849366,0.000671140939597316,0.035738255033557,0.868251304996272,0.0362975391498881,"trot"
"trot","1","1470047562",0,0.00503355704697987,0.0249067859806115,0.0386465324384787,0.00400820283370619,0.049826888249707,0.796383296047726,0.0811947374027911,"trot"
"trot","1","1470047562",0,0.00571268775966762,0.0264674549909449,0.0496111643762651,0.0108873974645787,0.067236603813785,0.73484073718973,0.105243954405028,"trot"
"trot","1","1470047562",0,0.0117076808351976,0.0348434004474273,0.0725364866304464,0.0210850111856823,0.0898023862788963,0.62337807606264,0.14664695855971,"trot"
"trot","1","1470047562",0,0.019537658463833,0.0365638649195696,0.109198892084798,0.0292585490572068,0.152540747842761,0.510202940236497,0.142697347395334,"trot"
"trot","1","1470047563",0,0.010738255033557,0.0394987749014595,0.110226909555769,0.0140273782891233,0.13489932885906,0.532212101842974,0.158397251518057,"trot"
"trot","1","1470047563",0,0.0184084372003835,0.0172019814637264,0.0831762011292213,0.0178038777032066,0.0799270267391073,0.699352828379674,0.0841296473846809,"trot"
"trot","1","1470047563",0.00671140939597315,0.0136092468307233,0.00553691275167785,0.0668317886438692,0.00587248322147651,0.0606343879833813,0.748961329498242,0.0918424416746564,"trot"
"trot","1","1470047564",0.0134228187919463,0.00425055928411633,0.0214951528709918,0.0674736337488015,0.00760626398210291,0.0371151592628103,0.758455843187387,0.090180568871844,"trot"
"trot","1","1470047564",0,0,0.0029082774049217,0.0462874187706402,0.010365398956003,0.0192393736017897,0.888481410461276,0.0327181208053691,"trot"
"trot","1","1470047564",0.00402684563758389,0.00335570469798658,0.0176360924683072,0.0470118248641739,0.00318791946308725,0.0280254607435816,0.850964099286247,0.0457920528390327,"trot"
"trot","1","1470047565",0,0.00930009587727709,0.0127436880792585,0.058136252263769,0.0234100351550016,0.0341829125386172,0.80562746351337,0.0565995525727069,"trot"
"trot","1","1470047565",0.00268456375838926,0.00904442313838287,0.0259614360285501,0.0366837115159263,0.016331096196868,0.0301294343240652,0.839027378289123,0.040137956748695,"trot"
"trot","1","1470047565",0.00604026845637584,0.00201342281879195,0.0113534675615213,0.0275247682965804,0.00511345477788431,0.0204751251731118,0.88484073718973,0.042638755726004,"trot"
"trot","1","1470047565",0,0.010738255033557,0.00762490678598061,0.0318019601576648,0.0023489932885906,0.0376478108021732,0.884606370512411,0.0252317034196229,"trot"
"trot","1","1470047566",0.011744966442953,0,0.00307606263982103,0.0325316927665921,0,0.0162831575583253,0.90239959518483,0.0339645254074784,"trot"
"trot","1","1470047566",0.0114093959731544,0.00671140939597315,0.00111856823266219,0.0246990518802599,0,0.0349978693938425,0.903803131991052,0.0172605731330564,"trot"
"trot","1","1470047566",0,0.0227815063385533,0.0345078299776286,0.055419729413018,0.0216629381058911,0.0784888675828273,0.676624587195057,0.110514541387025,"trot"
"trot","1","1470047567",0,0,0.0120246085011186,0.058482475764355,0,0.0290454884414616,0.881937786300202,0.0185096409928625,"trot"
"trot","1","1470047567",0.0152444870565676,0.000838926174496644,0.0203259827420901,0.0970810695642911,0.00627197187599872,0.0474592521572387,0.76732449131778,0.0454538191115372,"trot"
"trot","1","1470047567",0.008309364014062,0.0075503355704698,0.023878768509641,0.120664216469586,0.0161393416426973,0.041805156066901,0.734976563332268,0.0466762543943752,"trot"
"trot","1","1470047568",0.00298284862043251,0.00134228187919463,0.0226803025460744,0.059545115585384,0.000838926174496644,0.0265553424949398,0.851193139448173,0.034862043251305,"trot"
"trot","1","1470047568",0,0,0.0075503355704698,0.0353254500905508,0.00335570469798658,0.0247896026419516,0.878209225524662,0.0507696814743795,"trot"
"trot","1","1470047568",0,0.00216256524981357,0.00419463087248322,0.032547672312773,0.010882070949185,0.0444337914136572,0.85305209332055,0.0527271758815383,"trot"
"trot","1","1470047568",0,0.0115771812080537,0.0162991371045062,0.0407025673804197,0.000671140939597316,0.0448306168104826,0.826424842867796,0.0594945136891446,"trot"
"trot","1","1470047569",0,0.00738255033557047,0.00230105465004794,0.0298098434004474,0.00318791946308725,0.061025886864813,0.84167199318206,0.0546207521039736,"trot"
"trot","1","1470047569",0,0.000671140939597316,0.0104026845637584,0.0508149568552253,0.00149142431021626,0.0396106317247257,0.779245232768723,0.117763928837754,"trot"
"trot","1","1470047569",0.00596569724086503,0.00167785234899329,0.00531319910514541,0.0263555981676787,0.00760626398210291,0.0591882390540109,0.778161286886119,0.115731863215085,"trot"
"trot","1","1470047570",0,0.00111856823266219,0.00878076062639821,0.0166347075743049,0.00536912751677852,0.0405640779801854,0.861774262277618,0.0657584957920528,"trot"
"trot","1","1470047570",0,0.000745712155108128,0.0029082774049217,0.0310402684563758,0.00335570469798658,0.0509587727708533,0.834920634920635,0.0760706295941195,"trot"
"trot","1","1470047570",0,0.0075503355704698,0.0113215084691595,0.0284808778097369,0.00984340044742729,0.0488175135826142,0.821769468413764,0.0722168957068286,"trot"
"walk","1","1470047573",0.0235858101629914,0.0292026206455737,0.0698732289336316,0.0753648663044636,0.0149142431021626,0.226850964099286,0.088686481303931,0.47152178544796,"walk"
"walk","1","1470047573",0,0.0285980611483967,0.0642138063279003,0.0866197933312027,0.0755672738894216,0.333823372749547,0.0794263342921061,0.331751358261425,"stand"
"walk","1","1470047574",0.00575263662511985,0.0245365931607542,0.0788830297219559,0.0902791094066262,0.0341562799616491,0.220866624054544,0.085953978906999,0.459571748162352,"walk"
"walk","1","1470047574",0.0102535421327368,0.0137157771385959,0.0520107595610951,0.0701289016725258,0.00655161393416427,0.14076115904975,0.303275806967082,0.40330243954405,"walk"
"walk","1","1470047574",0,0.00656226696495153,0.0522105038883562,0.0629407691488228,0.0278922978587408,0.158599659103015,0.301696495152871,0.390098007883243,"walk"
"walk","1","1470047575",0,0.0070816022158304,0.0292292532225418,0.0808192180675402,0.0231410461276233,0.162376158517098,0.313191115372323,0.384161606477043,"walk"
"walk","1","1470047575",0,0.0349685735591776,0.0574118461702354,0.0631618195376585,0.0314424203685949,0.166962288271013,0.186718333865985,0.459334718227336,"walk"
"walk","1","1470047575",0,0.0101177159901992,0.0337195056993715,0.0284569084904655,0.0256711409395973,0.178246511132417,0.210650367529562,0.513137850218387,"walk"
"stand","1","1470047578",0.00335570469798658,0.0321508469159476,0.147999893469692,0.0458399914775754,0.0639048684350698,0.616450942793224,0.0324065196548418,0.0578912325556621,"stand"
"stand","1","1470047579",0.00939597315436242,0.0481943112815596,0.183312027271759,0.0600564610631725,0.095515074038564,0.525311601150527,0.0394801320975818,0.0387344199424736,"stand"
"walk","1","1470047582",0,0.00426920208799403,0.0644002343666773,0.0343933098966656,0.0159395973154362,0.170184830084159,0.210663683818046,0.500149142431022,"walk"
"walk","1","1470047582",0.00671140939597315,0.0302785767550868,0.0804570150207734,0.0377703206562267,0.0439863641205923,0.221343347182273,0.111361457334612,0.468091509534463,"walk"
"walk","1","1470047582",0,0.01834451901566,0.0521812080536913,0.0416853094705444,0.0504500905507617,0.242092787898157,0.124219665494833,0.471026419516352,"walk"
"walk","1","1470047582",0,0.00158463832960477,0.0686214978161287,0.0155241291147331,0.0444337914136572,0.210280174709705,0.217870459145627,0.441685309470544,"walk"
"walk","1","1470047583",0,0.00850111856823266,0.0205017577500799,0.021894641525514,0.00772344732076276,0.137456056248003,0.330222648343454,0.473700330243954,"walk"
"trot","1","1470047586",0,0,0.00208799403430276,0.0259640992862469,0.00167785234899329,0.029226589964845,0.874392777245126,0.0666506871204858,"trot"
"trot","1","1470047586",0,0.00134228187919463,0.0263609246830723,0.0361137743688079,0,0.0511744966442953,0.832720784063066,0.0522877383615639,"trot"
"trot","1","1470047586",0,0.00592841163310962,0.0137317566847768,0.00320656226696495,0.00577660594439118,0.0817700010653031,0.816197933312027,0.0733887290934271,"trot"
"trot","1","1470047587",0,0.00645041014168531,0.0246298071801428,0.0304996271439224,0.0239426866943645,0.0456056248002557,0.775295621604347,0.0935762224352828,"trot"
"trot","1","1470047587",0,0.0127703206562267,0.0167039522744221,0.0360711622456589,0.0316714605305209,0.0503835091083413,0.759044423138383,0.0933551720464472,"trot"
"trot","1","1470047587",0,0.00134228187919463,0.0264062000639182,0.0527804410354746,0.00767018216682646,0.0299776286353468,0.804719292638756,0.0771039735804837,"trot"
"trot","1","1470047587",0,0.0210131032278683,0.012362842228614,0.0503941621391286,0.0139075316927666,0.0507244060935336,0.74544316608075,0.106154788537339,"trot"
"trot","1","1470047588",0,0.00712421433897944,0.0280574198359433,0.0425082560988601,0.00969425801640567,0.0649914775753702,0.741544156812613,0.106080217321828,"trot"
"trot","1","1470047588",0,0,0.0105864493448386,0.0189916906359859,0.00836795568339192,0.0361750292958347,0.814051347608394,0.111827527431554,"trot"
"trot","1","1470047588",0.00671140939597315,0.00320656226696495,0.0347848087780974,0.0265074038563971,0.00657824651113242,0.0702380952380952,0.736049856184084,0.115923617769255,"trot"
"trot","1","1470047589",0,0.00223713646532438,0.0224539256418451,0.0463007350591243,0.010048471290082,0.0748082454458293,0.737402791094066,0.106748695003729,"trot"
"trot","1","1470047589",0,0.00887397464578673,0.0171114307020347,0.0557952487482689,0.0233381271971876,0.0887051241078087,0.618693405773943,0.187482688824971,"trot"
"trot","1","1470047589",0,0.00773676360924683,0.0384601043997017,0.0803558112282945,0.0141925002663258,0.105310535847449,0.568810589112602,0.18513369553638,"trot"
"trot","1","1470047590",0,0.00827740492170022,0.0531692766592095,0.0948785554490252,0.0170768083519761,0.095168850537978,0.572443272611058,0.158985831469053,"trot"
"trot","1","1470047590",0.00335570469798658,0.0256418451049324,0.0528550122509854,0.0801906892510919,0.0443672099712368,0.207888569297965,0.466197933312028,0.119503036113774,"trot"
"trot","1","1470047590",0,0.0433205496963886,0.123950676467455,0.0369633535740918,0.0930196015766486,0.243967721316715,0.344132843293917,0.114645254074784,"trot"
"trot","1","1470047590",0,0.00690316395014382,0.074107808671567,0.0726297006498349,0.0351416853094705,0.200964099286247,0.485165654628742,0.125087887503995,"trot"
"trot","1","1470047591",0,0.0105784595717482,0.0229120059656972,0.0621524448705657,0.00488441461595824,0.0490145946521786,0.728246511132417,0.122211569191435,"trot"
"trot","1","1470047591",0,0,0.000838926174496644,0.0174177053371684,0.000671140939597316,0.0198785554490252,0.948511238947481,0.0126824331522318,"trot"
"trot","1","1470047591",0,0,0.00285234899328859,0.0132443805262597,0.00167785234899329,0.0135320123575157,0.939301693831895,0.0293917119420475,"trot"
"trot","1","1470047592",0.00604026845637584,0,0.00609619686800895,0.0252503462235006,0.0103174603174603,0.0417945030361138,0.873330137424097,0.0371710876744434,"trot"
"trot","1","1470047592",0,0.00559284116331096,0.0109939277724513,0.0229519548311495,0.00736390753169277,0.0591988920847981,0.84083573026526,0.053062746351337,"trot"
"trot","1","1470047592",0,0.0166506871204858,0.00827740492170022,0.0375972089059337,0.0102348993288591,0.0660967295195483,0.777977522105039,0.083165548098434,"trot"
"trot","1","1470047593",0,0.00917225950782998,0.0118914456162778,0.0168690742516246,0.0162538617236604,0.0769255353147971,0.780142750612549,0.0887450729732609,"trot"
"trot","1","1470047593",0,0,0.00347555129434324,0.0273356770001065,0.00615212527964206,0.0280654096090338,0.87673111750293,0.0582401193139448,"trot"
"trot","1","1470047593",0.00575263662511985,0,0.0186800894854586,0.0427106636838181,0.00328912325556621,0.0385506551613934,0.79880419729413,0.0922126344945137,"trot"
"trot","1","1470047593",0,0.00575263662511985,0.00134228187919463,0.0255566208586343,0.0124161073825503,0.0337301587301587,0.842620112922126,0.0785820816022158,"trot"
"trot","1","1470047594",0,0.00223713646532438,0.0165627996164909,0.0323346116970278,0.00570469798657718,0.049669756045595,0.840289762437413,0.0532012357515713,"trot"
"trot","1","1470047594",0,0.00268456375838926,0.00268456375838926,0.0252609992542878,0.00335570469798658,0.0298364759774156,0.898063811654416,0.0381138808991158,"trot"
"trot","1","1470047594",0,0,0,0.00532651539362949,0.000671140939597316,0.01480771279429,0.946604346436561,0.032590284435922,"trot"
"walk","1","1470047597",0.00575263662511985,0.030318525620539,0.0658170874613828,0.0591189943538937,0.0263555981676787,0.333077660594439,0.0787818259294769,0.40077767124747,"walk"
"walk","1","1470047597",0.0268456375838926,0.021793437733035,0.0329311814211143,0.128608714179184,0.0714765100671141,0.261678385000533,0.120821348673698,0.33584478534143,"walk"
"walk","1","1470047598",0.0134228187919463,0.0431128155960371,0.0586316181953766,0.0427612655800575,0.0320789389581336,0.165995525727069,0.17260040481517,0.47139661233621,"walk"
"walk","1","1470047598",0.0052199850857569,0.0216043464365612,0.0520453819111537,0.0314317673378076,0.0327926920208799,0.185000532651539,0.171990518802599,0.499914775753702,"walk"
"walk","1","1470047598",0.00419463087248322,0.00987535953978907,0.0470118248641739,0.0283370618941089,0.0291893043570896,0.177029402364973,0.166104719292639,0.538257696814744,"walk"
"walk","1","1470047599",0.00969425801640567,0.0333706189410887,0.0380126771066368,0.0296420581655481,0.051480771279429,0.170512410780867,0.135490572067753,0.531796633642271,"walk"
"walk","1","1470047599",0.0194630872483221,0.0163683818046234,0.0634760839458826,0.0391738574624481,0.0279242569511026,0.186420049003942,0.103632683498455,0.543541600085224,"walk"
"walk","1","1470047599",0,0.0163790348354107,0.0532651539362949,0.0394721423244913,0.0270640247150314,0.144718759987216,0.108860658357303,0.610240225844253,"walk"
"walk","1","1470047600",0,0.00469798657718121,0.0540721210184297,0.00577660594439118,0.0324571215510813,0.246657611590497,0.101624587195057,0.554713966123362,"walk"
"walk","1","1470047600",0.0168717375093214,0.0146239480132098,0.0374001278363694,0.0304436987322893,0.0304250559284116,0.258551720464472,0.168893150101204,0.442790561414722,"walk"
"walk","1","1470047600",0,0.022009161606477,0.0469106210716949,0.05107861936721,0.0416400340896985,0.212402791094066,0.114789069990412,0.511169702780441,"walk"
"walk","1","1470047600",0,0.0185149675082561,0.0480957707467775,0.0403883029721956,0.0513049962714392,0.240979546180888,0.0701661872802812,0.530550229040162,"walk"
"walk","1","1470047601",0.0233700862895494,0.0145573665707894,0.0378342388409503,0.0397970597635027,0.0571694897198253,0.186489293704059,0.0790561414722488,0.561726323639075,"walk"
"walk","1","1470047601",0.0154362416107383,0.0456455736657079,0.0276419516352402,0.0431873868115479,0.0368781293277937,0.236843506977735,0.0555981676787046,0.538769042292533,"walk"
"walk","1","1470047601",0.0174496644295302,0.0238974113135187,0.060005859166933,0.0435176307659529,0.0416080749973367,0.142116757217428,0.0920821348673698,0.57932246724193,"walk"
"walk","1","1470047602",0.0052199850857569,0.0290295088952807,0.046348673697667,0.0481490359007138,0.0439570682859273,0.189373601789709,0.14311015233834,0.494811974006605,"walk"
"walk","1","1470047602",0.00575263662511985,0.043975711089805,0.0661420049003941,0.0845184830084159,0.0555049536593161,0.197017151379567,0.0678731224033237,0.479215936934058,"walk"
"walk","1","1470047602",0.0120166187280281,0.0292319164802386,0.0565382976456802,0.0341136678385001,0.0450756365185895,0.163414829018856,0.0923644401832321,0.567244593586876,"walk"
"walk","1","1470047606",0.00536912751677852,0.0116277831042932,0.0497390007457122,0.0546420581655481,0.0313918184723554,0.175407478427613,0.195211462661127,0.476611270906573,"walk"
"walk","1","1470047606",0.00970757430488974,0.00908703526153191,0.0543517630765953,0.0548870778736551,0.0305449025247683,0.149387450729733,0.188550655161393,0.503483541067434,"walk"
"walk","1","1470047607",0.00671140939597315,0.0130925748375413,0.0307606263982103,0.0536726323639075,0.0263476083945883,0.233921913284329,0.14544316608075,0.4900500692447,"walk"
"walk","1","1470047607",0.00604026845637584,0.0250346223500586,0.0573932033663577,0.0121444550974752,0.0409449238308299,0.211044529668691,0.137794289975498,0.509603707254714,"walk"
"walk","1","1470047607",0.0186428038777032,0.0242995632257377,0.0657398529881751,0.02925588579951,0.0460237562586556,0.201451475444764,0.136830190689251,0.477756471716203,"walk"
"walk","1","1470047607",0,0.0106663470757431,0.0536380100138489,0.0352135932672845,0.0480558218813252,0.211728986896772,0.156048258229466,0.48464898263556,"walk"
"walk","1","1470047608",0,0.021492489613295,0.0329444977095984,0.0571375306274635,0.0377996164908917,0.220688185788857,0.146974539256418,0.482963140513476,"walk"
"walk","1","1470047608",0.0241610738255034,0.0244593586875466,0.0437599872163631,0.029226589964845,0.0410940662618515,0.173452647278151,0.132377223820177,0.531469052945563,"walk"
"walk","1","1470047608",0,0.0255592841163311,0.0563998082454458,0.033381271971876,0.0267231277298391,0.197531160115053,0.102660594439118,0.557744753382337,"walk"
"walk","1","1470047609",0,0.00853307766059444,0.0627463513369554,0.0326834984553105,0.0310482582294663,0.241624054543518,0.115627996164909,0.507736763609247,"walk"
"walk","1","1470047609",0.0239693192713327,0.0254687333546394,0.0334398636412059,0.0349073186321508,0.0193112815596037,0.24117929050815,0.101214445509748,0.520509747523171,"walk"
"walk","1","1470047609",0.0164189837008629,0.0447613721103654,0.0990279109406626,0.0933125599232982,0.0438984766165974,0.201241078086716,0.0980078832427826,0.403331735378715,"walk"
"walk","1","1470047610",0.0052199850857569,0.00898583146905295,0.0710290827740492,0.0599792265899648,0.0358074997336742,0.227410248215617,0.134116331096197,0.457451795035688,"walk"
"walk","1","1470047610",0,0.0262916799829552,0.0865931607542346,0.0462661127090657,0.0470011718333866,0.211292212634494,0.120453819111537,0.462101842974326,"walk"
"walk","1","1470047610",0.00671140939597315,0.0388888888888889,0.0647331415787792,0.0625279642058165,0.0474166400340897,0.127625972089059,0.214621284755513,0.43747469905188,"walk"
"walk","1","1470047610",0,0.0166400340896985,0.0785687653137317,0.0797619047619048,0.0298178331735379,0.173838819644189,0.199909449238308,0.42146319377863,"walk"
"walk","1","1470047611",0.00671140939597315,0.00335570469798658,0.0412671780121445,0.0404362416107382,0.0186774262277618,0.141538830297219,0.187453392990306,0.56055981676787,"walk"
"walk","1","1470047611",0.00419463087248322,0.00503355704697987,0.0175295621604346,0.0303398316821136,0.0169170128901673,0.115465537445403,0.377197187599872,0.433322680302546,"walk"
"walk","1","1470047611",0,0.00704697986577181,0.0198865452221157,0.0640380313199105,0.0292718653456908,0.200492702673911,0.162458719505699,0.516805156066901,"walk"
"walk","1","1470047612",0.00671140939597315,0.00514541387024608,0.0277964205816555,0.0560802173218281,0.0132710131032279,0.139072653669969,0.183493128795142,0.568429743261958,"walk"
"walk","1","1470047612",0.00596569724086503,0.00357941834451902,0.0351123894748056,0.046276765739853,0.00641845104932353,0.171156919143496,0.15390433578353,0.577586023223607,"walk"
"walk","1","1470047612",0,0.0162192393736018,0.0172019814637264,0.0429157345264728,0.0427479492915735,0.204535527857675,0.127431554277192,0.548948013209758,"walk"
"stand","1","1470047615",0.0134228187919463,0.0129753914988814,0.105899115798445,0.017596143602855,0.04292638755726,0.610554490252477,0.0861457334611697,0.110479919036966,"stand"
"stand","1","1470047615",0.0261744966442953,0.0459252157238734,0.082776712474699,0.0378715244487057,0.0545914562693086,0.576912219026313,0.0674363481410461,0.108312027271759,"stand"
"stand","1","1470047616",0.00671140939597315,0.021420581655481,0.0914536060509215,0.0326169170128902,0.085120379247896,0.615417598806861,0.0433604985618408,0.103899009268137,"stand"
"stand","1","1470047616",0,0.0374906785980611,0.146335357409183,0.0272664322999893,0.115529455630127,0.57122882710131,0.0346676254394375,0.067481623521892,"stand"
"stand","1","1470047616",0,0.0123681687440077,0.135165654628742,0.0545941195270054,0.0875918823905401,0.610746244806647,0.0349206349206349,0.0646132949824225,"stand"
"stand","1","1470047617",0,0.0108873974645787,0.0799589858314691,0.0234340044742729,0.0753275806967082,0.644564291040801,0.0396905294556301,0.12613721103654,"stand"
"stand","1","1470047617",0,0.0272291466922339,0.0563465430915095,0.0137024608501119,0.0952753808458506,0.534124320869287,0.0786353467561521,0.194686800894855,"stand"
"stand","1","1470047617",0.00402684563758389,0.0134228187919463,0.0869020986470651,0.0431927133269415,0.116229892404389,0.439120592308512,0.0817833173537871,0.215321721529775,"stand"
"stand","1","1470047617",0.00671140939597315,0.0305741983594333,0.0632070949185043,0.0495898583146905,0.0478480877809737,0.48452380952381,0.0966016831788643,0.220943858527751,"stand"
"stand","1","1470047618",0,0.0098993288590604,0.112871524448706,0.0496484499840205,0.0404069457760733,0.437866197933312,0.21307659529136,0.136230957707468,"stand"
"stand","1","1470047618",0.0087248322147651,0.00639181847235539,0.0433924576542026,0.0600910834132311,0.0479626078619367,0.597440609353361,0.127719186108448,0.1082774049217,"stand"
"stand","1","1470047618",0.00671140939597315,0.0117076808351976,0.0801906892510919,0.0553638010013849,0.0768909129647385,0.639115265793118,0.0434989879620752,0.0865212527964206,"stand"
"stand","1","1470047619",0.0178970917225951,0.0369127516778524,0.11174762970065,0.0336049856184084,0.0433764781080217,0.663750399488654,0.0376984126984127,0.0550122509854053,"stand"
"stand","1","1470047619",0.0178970917225951,0.0459252157238734,0.0950516671993182,0.0718387131138809,0.0334052412911473,0.636851496750826,0.03519228720571,0.0638382869926494,"stand"
"stand","1","1470047619",0.00596569724086503,0.0210850111856823,0.103861723660381,0.0313172472568446,0.0624240971556408,0.594204751251731,0.0773569830616811,0.103784489187174,"stand"
"stand","1","1470047620",0.0119313944817301,0.0143602855012251,0.0987535953978907,0.0343453712581229,0.0868435069777351,0.650348886758283,0.0365026099925429,0.0669143496324704,"stand"
"stand","1","1470047620",0,0.0128901672525834,0.124408756791307,0.0255219985085757,0.103938958133589,0.619471077021413,0.0461409395973154,0.0676281026952168,"stand"
"stand","1","1470047620",0.00671140939597315,0.027673910727602,0.0980211995312666,0.0418664109939278,0.0885240225844253,0.653225205070842,0.0319404495578992,0.0520373921380633,"stand"
"stand","1","1470047620",0,0.0087248322147651,0.105784595717482,0.0205710024501971,0.0972701608607649,0.602460850111857,0.0386465324384788,0.126542026206456,"stand"
"stand","1","1470047621",0,0.0424896132949824,0.103174603174603,0.0234686268243315,0.113801001384894,0.61678118674763,0.0233114946202195,0.0769734739533397,"stand"
"stand","1","1470047621",0,0.0148396718866518,0.104711302865665,0.00805369127516778,0.0754500905507617,0.595182166826462,0.05455683391925,0.147206242676041,"stand"
"stand","1","1470047621",0,0.0257590284435922,0.111188345584319,0.0138356237349526,0.177596676254394,0.556945776073293,0.0269095557686162,0.0877649941408331,"stand"
"stand","1","1470047622",0,0.0288697134334718,0.140574731010973,0.0718759987216363,0.11295142217961,0.564794396505806,0.0196841376371578,0.0612496005113455,"stand"
"stand","1","1470047622",0,0.0328299776286353,0.113785021838713,0.0807419835943326,0.0559630339831682,0.650154468946415,0.0383482475764355,0.0281772664323,"stand"
"stand","1","1470047622",0.0280201342281879,0.0352162565249814,0.102122616384361,0.0833706189410887,0.0570256738041973,0.599635133695536,0.0285687653137318,0.0660408011079152,"stand"
"stand","1","1470047623",0.00671140939597315,0.0488015340364334,0.109534462554597,0.0655534249493981,0.0567353787152445,0.615809097688292,0.037751677852349,0.0591030148077128,"stand"
"stand","1","1470047623",0,0.0454697986577181,0.106868541600085,0.0575316927665921,0.0457787365505486,0.645853307766059,0.0401565995525727,0.0583413231064238,"stand"
"stand","1","1470047623",0,0.0271066368381805,0.0835091083413231,0.0238627889634601,0.0873388729093427,0.678267817193992,0.0347368701395547,0.0651779056141472,"stand"
"stand","1","1470047623",0,0.0231144135506552,0.113263023330137,0.0266379034835411,0.123218280600831,0.565494833280068,0.030233301374241,0.118038244380526,"stand"
"stand","1","1470047624",0,0.0179876424842868,0.0932752743155428,0.0137104506232023,0.195310003195909,0.603278470224779,0.0244673484606371,0.0519708106956429,"stand"
"stand","1","1470047624",0,0.0475391498881432,0.124057206775328,0.0157984446575051,0.194865239160541,0.523146372643017,0.0244753382337275,0.0701182486417386,"stand"
"stand","1","1470047624",0.00671140939597315,0.0106263982102908,0.117060828805795,0.0246244806647491,0.155089485458613,0.501422179610099,0.0386625119846596,0.14580270586982,"stand"
"stand","1","1470047625",0.00671140939597315,0.0171140939597315,0.0968200703100032,0.0334451901565996,0.0573958666240545,0.502013422818792,0.114978161286886,0.17152178544796,"stand"
"stand","1","1470047625",0,0.0277591349739001,0.105470331309257,0.0454458293384468,0.0622083732821988,0.526416853094706,0.0750079897730904,0.157691488228401,"stand"
"stand","1","1470047625",0.00536912751677852,0.032518376478108,0.078219878555449,0.0468813252370299,0.0437067220624268,0.45120379247896,0.139157877916267,0.20294289975498,"stand"
"walk","1","1470047628",0.00383509108341323,0.0156306594226057,0.0634894002343667,0.0301347608394588,0.0296021093000959,0.269702780441036,0.124400767018217,0.463204431660808,"walk"
"trot","1","1470047631",0.00671140939597315,0.00191754554170662,0.012061894108874,0.0272025141152658,0.0114093959731544,0.0507829977628635,0.833690209864707,0.0562240332374561,"trot"
"trot","1","1470047631",0,0.00695110258868648,0.00632790028763183,0.0568206029615426,0.0144934483860658,0.039275061254927,0.770634920634921,0.105496963886226,"trot"
"walk","1","1470047637",0.00268456375838926,0.0262730371790774,0.0850537978054757,0.174400767018217,0.0721476510067114,0.148292851816342,0.178640673271546,0.312506658144242,"walk"
"walk","1","1470047637",0.0138063279002876,0.0155108128262491,0.0460637051241078,0.231205390433578,0.045371258122936,0.129277191861084,0.143019601576649,0.375745712155108,"walk"
"walk","1","1470047637",0.00536912751677852,0.0199478001491424,0.0801933525087887,0.192593480345158,0.0284862043251305,0.0872643016938319,0.178313092574838,0.407832640886332,"walk"
"walk","1","1470047638",0.0144774688398849,0.0093214019388516,0.0577181208053691,0.168722701608608,0.0327926920208799,0.111694364546714,0.139621284755513,0.46565196548418,"walk"
"walk","1","1470047638",0,0.0324517950356877,0.0307925854905721,0.139192500266326,0.0327048045168851,0.142686694364547,0.129117396399276,0.493054223926707,"walk"
"walk","1","1470047638",0,0.0186960690316395,0.0268882497070417,0.0382363907531693,0.0304676680515607,0.0667891765207202,0.348476616597422,0.470445829338447,"walk"
"walk","1","1470047639",0,0.0174842867795888,0.0200383509108341,0.0788271013103228,0.0377037392138063,0.090137956748695,0.353845744114201,0.401962820922552,"walk"
"walk","1","1470047643",0.00503355704697987,0.0202061361457335,0.0322094385852775,0.0874986683711516,0.02038457441142,0.105467668051561,0.28172206242676,0.447477894961117,"walk"
"walk","1","1470047643",0,0.0141685309470544,0.0596676254394375,0.10918024928092,0.0308724832214765,0.0995365931607542,0.209696921274102,0.476877596676254,"walk"
